Handmade
Author: 村瀬 芳生
yos@m.email.ne.jp
URL: http://www.ne.jp/asahi/ai/yoshio/sokoban/handmade/index.html

1111111111111111111|1222444226224442221|1233322111112233321|1122211100011122211|0112210000000112210|0011110000000011110
0011110|1112211|1222321|1214161|1213241|1224321|1122211|0111110
00111110|11122210|12321211|12343421|12114221|12262111|11111100
001111100|111222111|124232421|121434121|123212321|111262111|001111100
001111100|001222111|111412221|123432121|121523221|162421111|111111000
001111100|001222110|111322211|122434321|121414121|122535221|111222111|001262100|001111100
001111100|001222100|111213100|122434111|121373221|122432121|111214221|001222111|001111100
1111111111100|1632224444110|1233331444410|1232234455511|1122212114421|1233312211221|1222211212211|1223321222210|1222221112210|1111111011110
011111100|112222110|122112210|121221210|142241311|121252321|121252361|122442321|111111111
111100000|122111100|122222111|122132421|112141321|122126521|122252211|111122110|000111100
00111110|11122211|12242521|12434161|11212321|01232121|01112221|00011111
000111110|000122210|000142310|000123210|111144211|123255221|124226321|111111111
00000111111111|00000144422421|00111121414221|11122224444441|12223232314411|12311114411110|12232221112211|12333232323621|12232323232321|11222222222211|01111111111110
0000111111000|1111122221110|1222241142211|1243112221221|1133212232221|1242211313211|1226242242110|1111111111100
0111110|0122210|0142310|0123210|1144211|1255321|1226221|1111111
11111100|12222100|12452111|12434321|11232261|01111221|00001111
0000111110|0111122210|0141142310|1131223210|1252244211|1222155321|1111126221|0000111111
011110000000|012211111100|012311262111|114211224221|124222234321|125321314111|111221222100|001111111100
01111000|11621111|12352521|12252121|12252221|12154221|12221221|11111111
001111100|011222110|012234411|113214341|122214441|123111321|122323211|116222210|011111110
000011110|111112210|123242210|122253210|111443210|011161110|012342111|012354221|012242321|012211111|011110000
0011111000|0012221111|1113222321|1223212221|1212411211|1455411310|1262422210|1111111110
111111111|122624221|122415321|123424321|113411321|012211221|011111111
001111100|001262100|111212111|123313321|124424221|112214311|012224210|011111110
111110000|122211000|125321100|162522110|124132210|112444311|011123521|000122221|000111111
001111000|111221100|124422111|125452221|163343321|122112221|111111111
11111111|12222221|12331321|12345221|11244411|01143110|11444211|12254321|12313321|12262221|11111111
00111110|11122210|12334310|12424210|12121210|12445211|11163321|00122221|00111111
001111110|001222210|111332210|123213210|123212210|123261211|123145421|122352141|112242141|011144421|000122221|000111111
001111100|011262110|012434210|012525210|013214510|112212211|123434321|122212221|111111111
001111000|001221000|001421000|001231000|001421000|111231110|122432211|121233221|124114261|112522311|012242210|011111110
001111100|111222111|122344321|121211221|121211611|122344310|111213210|001242410|001312410|001223210|001112210|000011110
000011110000|011112211100|012232232100|013443242111|112141144221|122443632321|123242142111|111132232100|000122111100|000111100000
00011111100|01112222110|01233332210|01225445210|01223423410|11231431411|12234234221|12335314121|12244442121|11111112261|00000011111
0011111000|0012621100|1113332111|1224124221|1214124121|1224214121|1253332221|1112212111|0011222100|0001111100
001111100|011246110|012252210|012353210|014414410|113242311|123212321|122212221|111111111
001111000|001221110|111232211|123444321|121142121|122434121|123142321|112131161|012222221|011111111
0011111100|1112242111|1234333221|1212142121|1264242121|1111232221|0001341111|0001221000|0001111000
01111100|11226111|12255221|12122121|12153221|12122141|12253421|11122211|00111110
00111110|00122211|11134621|12234221|12125211|12221110|11111000
01111111111|01222222221|01211312121|01244444121|11133333221|12252465111|12233333221|12124441121|12241424121|11121312221|00122211111|00111110000
001111111|001222221|111211121|122532241|122523141|112563241|013352421|012124111|012112100|012222100|011111100
011111000|112221110|124444210|121421210|123333210|123463111|123333221|113443121|012442121|014114221|012222111|011111100
00011110|11112210|12435211|12223221|12412421|12513611|11222210|01111110
00111000|00141000|01131110|11252210|12522511|12522521|12255221|12522211|11262110|01111100
0111110000|1122111111|1223232221|1222214221|1161111211|0122214211|1121213321|1255212441|1225112331|1122224421|0111112221|0000011111
00011111|00012221|11114421|12222221|15555551|12222221|12331111|12621000|11111000
001111100|001222100|111312111|122214621|122254121|122212121|111312221|001222111|001111100
11111111|12225221|12524221|12555211|12325210|11262210|01111110
111111111|122242221|121131121|121252221|121256121|121232121|121211121|122242221|111111111
11111111111|12222522221|16125242121|12155555121|12123252121|12222522221|11111122111|00000111100
1111110|1222210|1222210|1132111|1232221|1455541|1226221|1111111
01111100|11222100|12212111|12523221|14252161|12525221|11252211|01111110
001111100|001262100|111252111|122444221|121131121|123222321|111222111|001222100|001111100
