Microban
Author: David Skinner
sasquatch@bentonrea.com
URL: http://sneezingtiger.com/sokoban/levels/microbanText.html

111100|124100|122111|156221|122321|122111|111100
111111|122221|121621|123521|124521|122221|111111
001111000|111221111|122222321|121221321|124241621|111111111
11111111|12222221|12455361|12222221|11111221|00001111
01111111|01222221|01243421|11236321|12243421|12222221|11111111
111111011111|122221112221|123322222161|123214442221|122211111111|111110000000
1111111|1222221|1243421|1234321|1243421|1234321|1226221|1111111
00111111|00124461|00123321|00112111|00012100|00012100|11112100|12222110|12122210|12221210|11122210|00111110
111110|142211|163321|112221|011221|001141|000111
00000011111|00000014221|00000014121|11111114121|12623232321|12121212111|12222222100|11111111100
001111110|001222210|001211611|111212321|124412321|122222221|122111111|111100000
111110000|122211000|123221000|112321111|011164221|001224121|001222221|001111111
1111000|1421100|1462100|1423100|1132111|0123221|0122221|0122111|0111100
1111111|1222221|1212121|1423561|1222111|1111100
000001110|111111611|122224521|122212221|111113121|000012221|000011111
0111100000|0122111100|0122222110|1121122210|1424126311|1222123321|1224122221|1111111111
111110|126210|144410|133311|122221|122221|111111
1111111|1222221|1424221|1211211|1223210|1113210|0016210|0012210|0011110
11111111|12224421|12263321|11111211|00012210|00012210|00012210|00011110
111111100|122222111|122633441|111121121|001222221|001221111|001221000|001111000
1111000|1221111|1242421|1233161|1122221|0111111
1111100|1222111|1424221|1222121|1121221|0163321|0122221|0122111|0111100
1111111|1225221|1222221|1121211|0136410|0122210|0111110
1011111|0012221|1113361|1222111|1222221|1242421|1111111
0111100|0122111|0123321|1144421|1226321|1222111|1111100
011111|012621|012221|111321|124441|123321|111221|001111
1111110|1222410|1211211|1223361|1212221|1422111|1111100
1111100|1222100|1262100|1233111|1142421|0122221|0111111
00000111110|00000122211|00000122221|01111112221|11222221421|12323262211|12111111410|12222222210|11111111110
111100|122111|123321|144421|126321|122211|111110
0011110|0112210|1163411|1233221|1242421|1112221|0011111
0111100|1122111|1222221|1455361|1222111|1122100|0111100
1111111|1421221|1223221|1423161|1223221|1421221|1111111
001111000|111221111|122222221|163555421|122222221|111111111
0011110|0112210|0142310|0143210|0143210|0143210|0142311|0122261|0112221|0011111
111100000000000|122111111111111|123232323232621|124444422222221|111111111111111
000000111|111110141|122211141|122232141|123223221|111116121|000012221|000011111
1111111111|1222222221|1211411121|1212332421|1242631121|1111122221|0000111111
1111100000|1222111100|1212124100|1222232111|1112134221|1222162221|1212111111|1222100000|1111100000
0111110|0122210|1122211|1233321|1247421|1111111
11111110|12222210|16333211|12214441|11222211|01111110
0001111|0001221|0001621|1111341|1222341|1212341|1222211|1111110
000001111|000001261|000001221|111111241|122232241|122331241|122221111|111221000|001111000
11111|16341|11111
111111|144421|122321|121311|122321|122621|111111
0111111|1122221|1221121|1212321|1225241|1121611|0122210|0111110
00111111100|11122222100|12323222100|12111211111|12624242221|12221112221|11111011111
11111100|12262100|12212110|12412211|12433321|12412221|11112221|00011111
11111100|12622100|12312100|12322100|12321100|11121111|01221221|01444221|01222221|01111111
0011110000|1112211111|1223226441|1232222121|1112111121|0012222221|0011111111
11110000|12211100|12222111|12235621|11124121|00122221|00111111
001111|111261|122321|122541|122541|122321|111221|001111
0111110|1142411|1252521|1221221|1232321|1126211|0111110
000000111111|000000122221|001111124221|111221114221|123223224211|126332124210|112222111110|011111100000
1111111100|1262122100|1222222100|1111132100|0000122111|0110132441|0110122111|0000111100
1111100|1222111|1223221|1152421|0122261|0111111
00111100|00122100|00162100|00122100|11121111|12222521|12232221|11111421|00001111
1111000|1221111|1453221|1243121|1126221|0122211|0111110
1111111111110|1222222222210|1211111112611|1212222222221|1212232221221|1233211111221|1112210124441|0011110122221|0000000111111
0111111111|0122222221|1161111121|1221222121|1221222341|1221131141|1131122141|1222322141|1222122111|1111111100
111111110|122222210|121111210|121444610|121113111|121222221|122332321|111122211|000141110|000111000
0001111111111|1111222211221|1223334444361|1222222111221|1222111101111|1111100000000
1111100011110000000|1222111112410000000|1222222232211111111|1112211112432222621|0012210012211112221|0011110011110011111
0111111000|1122221000|1222321000|1223321000|1112411111|0011412621|0001422321|0001421111|0001111000
001111110|001222210|001223210|011113210|112323210|144441211|122222621|112212221|011111111
000111000|000161000|011131110|112242211|122121221|121222121|121222121|121222121|122121221|112323211|011424110|001222100|001222100|001111100
1111100|1222110|1212210|1635411|1122421|0123121|0112221|0011111
0111100000|0122111111|1122223221|1241232221|1241311111|1246210000|1111110000
11110011110|12211112210|12212212210|12212222311|12242413221|16211212321|12224212221|11111111111
11111000|12621111|12222221|12323321|11311221|12221111|12442210|11442210|01112210|00011110
1111111111100|1222221222111|1236321242241|1211211121121|1212222222121|1212221222121|1211111111121|1222222222221|1111111111111
0011110000|0112211111|0122322621|0122312221|1111211111|1221222100|1222232100|1244122100|1224111100|1221100000|1111000000
11110000|12211111|12332321|12222221|11211211|14441610|12111211|12222221|12212221|11111111
01111000000|01221111111|01326122241|11213322241|12232211441|12221211111|11122210000|00111110000
0111111100|1124444110|1222111111|1222323261|1112232321|0011122221|0000111111
0111110000|1122210000|1222211111|1221412221|1621412321|1221412211|1222212210|1122113310|0112222210|0012211110|0011110000
11111111110|12624444210|12221111311|11212232321|01232222221|01222111111|01111100000
01111111000|11222221100|12232322100|12323232100|11211121111|01622444441|01122222111|00111111100
0111111111|0122221221|1123131221|1224346221|1224122221|1111111111
1111000000|1221111111|1224211241|1231222241|1121121241|0122221221|0111121221|0012632111|0012332100|0012222100|0011111100
011111|012221|012421|112521|122511|122611|112321|012221|011111
11111000|12221110|12422211|11513221|12412321|12611211|12222210|11111110
11111100|12222110|12323211|11233221|01212221|01211211|01224241|01264241|01221111|01111000
111111110000|122444210000|122111211000|122123221000|112163221000|012123221000|012111211111|012222222221|012221112221|011111011111
00000001111|01111111221|01232222221|01222323221|01211111111|11212422100|12212122100|12262421100|11212121000|01222421000|01111111000
000011110|001112211|011232221|112322121|126133221|124422111|124411100|111110000
000001111|111111221|122222221|122444241|113111111|123221000|122231110|112232210|011262210|001111110
00000111100|01011122100|01012222100|01012212100|01013214100|01012212101|01013214101|00012212101|11113214101|12622222101|12221221101|11111111000
1111111111|1222112221|1232236121|1111212321|0001412211|0101412310|0101422210|0101422210|0001111110
0111111110|0122622210|0123223210|1112112111|1223443221|1222442221|1111111111
11111111111|12222411221|12336443321|12221142221|11111111111
001111000000000|001221000011111|001221000012221|001221111114121|111122322224221|122233121114121|122212221012221|111111111016211|000000000012210|000000000011110
01111111110|11222122211|12222122221|12232123221|12225452221|11114641111|12225452221|12232123221|12222122221|11222122211|01111111110
111111111|126212221|123232221|113111211|122444221|122212221|111111221|000001111
11111111|16222221|12433421|12344321|12344321|12433421|12222221|11111111
00111111000|00122221000|00122221000|11111221000|12221411111|12223632221|11111412221|00011211211|00012223410|00012221110|00011111000
00011110000000|00012211111111|11112323444441|12223222111111|16111211100000|12232210000000|12321210000000|11212210000000|01222210000000|01111110000000
1111100000000000|1222110111100000|1223211124100000|1232223224100000|1123111114101111|1232210124111221|1222210124122621|1112210122222221|0011110112222211|0000000011111110
0000000000000001111100|0000000000000001222100|1111111001111111212100|1222221001221222222100|1226221111221222221111|1221222244441121111221|1222211111211233232321|1111110001222222222221|0000000001221111111111|0000000001111000000000
11111110|12612210|14322210|14212311|14312221|14212321|12212221|11111111
0011111000000|0012221000000|0012121111111|0012252212221|0011211222121|0012222215221|1112121212111|1225137222100|1212221121100|1222122522100|1111111212100|0000001222100|0000001111100
11111111111|14444122221|12212223321|12262211221|12222211321|11111122321|00000122221|00000111111
00111110|00124211|11123221|12423161|12132421|12232111|11242100|01111100
000011111|111112221|122223221|122313161|111212221|001244421|001112211|000012210|000011110
01111011110|11221112211|12221212221|12254245221|11132223111|01222622210|11132223111|12254245221|12221212221|11221112211|01111011110
0111111110|0122222210|0162223210|1121113210|1244444111|1232323221|1111112121|0000012221|0000011111
11111111|12222221|12355521|12522521|12522521|12555421|12222261|11111111
111100000111110|122111000122211|122221000132321|144121111121221|122622221232321|144122222222211|112221111111110|011111000000000
001111111|101222221|101212121|001262321|111211121|122211121|123221141|112322141|011232241|101123141|110112141|111012221|111011111
001111000|001221000|001231111|111424221|123212321|122424111|111132100|000126100|000111100
111111000|122221111|122224441|122224441|111111221|001221221|001233211|001263221|001233221|001123121|000122221|000111111
0111110000|1122211110|1223332210|1212223210|1222311211|1112214221|0012212221|0111112111|0122212110|0126444410|0122222210|0122212210|0111111110
00011111000000|00112221000000|11122121000000|12222421000000|12211211111000|12242421221100|12212623222111|11111421223221|00001111223221|00000001123211|00000000122110|00000000122100|00000000111100
11111100000|12222111000|12212321000|12232621000|11211211111|12214444441|12323232321|11222111111|01111100000
000011111000|111112221111|122222122221|122144444221|112211212111|013363332100|012222211100|011111110000
0000011111|0001112221|1111444441|1263333321|1222221211|1111122210|0000111110
01111011110|01221112211|01222222621|11441112221|12222221221|14441322121|12112332321|12232222111|11112211100|00011110000
0111110000|1122211000|1223221100|1232322110|1113124211|0012124221|0112114221|0126224211|0122212210|0111111110
001111110|001222211|011211221|012332121|012632121|012222121|111121221|122444211|122222110|111111100
00000011110|11111112210|12322222211|12311111221|12261221221|11211442221|12212441111|12322111000|12311100000|12210000000|11110000000
01111110000|01242210000|11341210000|12252210000|12441110000|11321011111|11211012221|12211112121|12226232321|11221222221|01111111111
11111000000|12221110000|12132210000|12322210000|12323210000|12312210000|12261110000|11211111111|12222224441|12222222221|11111111441|00000001111
111111110000000|122222210000000|123233211111111|111112611424221|000013221242221|000012221424211|000013121121210|000012222222210|000012211122110|000012210111100|000011110000000
11111111111111|12222221222221|12363321242441|11211211121121|01212222222121|01212221222121|01211111111121|01222222222221|01111111111111
0000001111100|0000001222110|0000001232210|1111111121611|1242212323221|1222222223121|1444111112221|1111100011111
011111111111|114444444221|123333333621|122212121211|121212222210|122211111110|111110000000
1101111000|1111221111|0123234221|1121224321|1222114111|1223224210|1262122210|1221111110|1111000000
00111111111|11122212221|12523242421|12223211211|11115122210|01226221110|01222111000|01111100000
00111111111|11126212221|12523254421|12223212221|11115122111|01222221100|01222111000|01111100000
111110011111|122211114421|123332222221|122231224421|111261221121|001221122221|001111111111
1111100|1222100|1242100|1464111|1141221|1223221|1232221|1133221|0122111|0122100|0111100
1111000000|1261110000|1452211111|1441332321|1122222221|0121211221|0122211111|0111110000
0111111100|0122424111|0124242421|1112111121|1226322321|1223322321|1111222111|0001111100
000000001111|111111111221|122211232221|122322211221|111214241211|001214241311|001212221221|001262322221|001221111111|001111000000
11111110000|12222211111|12331611441|12122222221|12232121221|11112322441|00011111111
011111110|012222210|112111311|143222621|124421321|141122321|122221111|111111000
0000000111100|0000001122111|1111001223221|1221111232321|1222441213221|1221222622111|1121441211100|0121121210000|0122222210000|0111111110000
001111000000|111221000000|122221110000|121242410000|126244411110|121212122211|122212332221|111112232321|000011321211|000001222210|000001111110
0111100000000000|1122111100000000|1222444100000000|1222444100000000|1222121100000000|1222162111101111|1111123222111221|0000122113232221|0001112222233221|0001232211222111|0001222211111100|0001111110000000
11111111011111|12212221112221|12222221123221|14126211232211|14122212322110|14122223221100|14211211111000|11222210000000|01111110000000
0011111111|0012212421|0012224541|0012212521|1111311411|1222222321|1232112321|1222612221|1111111111
001111000|001221000|001221111|111343221|122464221|122343111|111122100|000122100|000111100
111100000|122111100|123222100|124122100|123121100|124221000|111121000|000121000|011121110|012232210|112131211|123262321|124414421|111222111|001111100
000111100000|011122111110|012332122210|012324243311|012442142321|111215524221|122425512111|123241244210|113346423210|012221233210|011111221110|000001111000
00011111000|00012621000|00112221100|11143334111|12234443221|12234143221|12234443221|11143334111|00112221100|00012221000|00011111000
011111110|112242211|124333421|123424321|143262341|123424321|124333421|112242211|011111110
000000011111|111111112221|142224226141|122111222221|112322122221|012322211111|012312210000|011212210000|001222110000|001111100000
111111111110000|122422122210000|121422622210000|122144121111111|112211233232321|011222222222221|001111111111111
0111100000|1122111000|1632221000|1112321000|0122111111|0122344441|0122121111|0112121000|0123121000|0122221000|0122111000|0111100000
000001111000000|011111221000000|012222231111111|112112441224441|123233132262221|122222222111221|111111122101111|000000111100000
000111100000|000122100000|011122100000|112232100000|122212100000|121332111111|121222122241|122322622241|111221111441|001111001111
111111011110000|122222122221000|141122131122100|122212222212210|132212111221221|121222222122121|121211112212121|142622223252421|111111111111111
1111111111111|1412612212221|1413322212321|1412212312221|1412312212311|1412212312210|1412312212310|1442212322210|1442212212210|1111111111110
01111111111111111111111111111|01222222222222222222222222221|01211111111111111111111111121|01212222222222222222222222121|01212111111111111111111112121|01212122222222222222222212121|01212121111111111111111212121|01212121222222222222221212121|01212121211111111111121212121|01212121212222222222221212121|01212121212111111111111212121|01212121212222222222222212121|01212121211111111111111112121|01212121222222222222222222121|11312121111111111111111111121|14262122222222222222222222221|11111111111111111111111111111
000011111100000000000000011110|111115122111111111111111112211|122211122222222222222222222221|122222222111111112211112211221|111211112222212211112211112211|151212412121212222212222212221|151212212222212112212112211221|111222211121112212112212112211|012221215122222212222212122221|012221211122111112211112122221|011111222111112211111112111111|012221212155122222222222222210|112121222155122111111122112210|122221111111112212222111112111|121222222222222212322222222151|122211111111122111261111122151|111110000000111101111000111111
