Revenge 30
Author: Marcus Hof
mhof1@freenet.de

01111100|01226111|11313221|12445421|12222321|11111221|00001111
001111100|001462111|111313221|122232221|123233141|121222541|142121151|144222221|111111111
0000011111|0011112221|0112323221|0125444511|1124124441|1632231121|1112322221|0011233111|0001222100|0001111100
01111111|11222221|12331121|12542221|14422121|15523221|16531321|12442211|11111110
00111111110|11141122211|12242322361|14545413111|11423112210|01223232210|01112222210|00011111110
0000111100|1111142111|1444542221|1155222321|1641113321|1212322221|1232221321|1111122211|0000111110
011111110|012422210|012534311|112344221|123353221|163425211|111145410|000111110
0111110000|0143211111|0111442221|0122141121|1123221221|1244232321|1223113221|1222237111|1111111100
1111101111|1226111221|1233212221|1122313221|1112222311|1222123541|1222214341|1112544441|0011111111
0000011110000000|0000012211111000|0000012222221000|1111112111231111|1442212123222321|1244422221322221|1442212116322211|1111112111231110|0000012223221000|0000012211111000|0000011110000000
1111111111|1222221421|1255224421|1221141311|1131233221|0161252221|1152211211|1243232421|1222212221|1111111111
000001111100|001111222111|001221344221|011223425121|014431332221|111241211111|122552236100|123245211100|122221110000|111111000000
11111100|14224111|11542141|14231221|13222331|12213361|12432311|11142241|00111111
00011111|11114521|12223321|14431421|12323461|12342521|14234321|11111111
0111111111111|1122222222221|1222111111121|1212222232121|1412111112121|1212122212121|1324121412121|1633233212121|1112243444221|0011112222111|0000011111100
11110000000|14411111000|14412221000|12432221000|13212111100|12423122111|14112222221|12223123221|11132131111|00122621000|00111111000
00011111100|01112222100|01423112111|01412322321|01412112121|01223232121|01212242121|01221122221|11232221111|12341111000|14246100000|11111100000
000001111000|001111221000|001221221000|001221221000|111221321111|124121412221|122143432221|123244411111|123131211100|153222522100|161122222100|111111111100
111111100|142232100|124224111|115132141|117122221|123112121|122322221|122111321|111101221|000001111
01111100|11242111|12332221|12161121|12232241|11121121|01232241|01422111|01111100
11111110|12422210|13234210|14223111|12544221|12141121|12333221|11622111|01111100
0000011100|0001114100|0001412100|0011232110|1112323210|1232241210|1212342411|1221232541|1122315121|0111272221|0001111111
001111100|001444111|001143141|000122221|111123121|122212521|122363221|111153321|014222221|011111111
111111000|122421110|124443211|125454361|123252311|111123221|000131221|000122221|000111111
0011111100|1112216111|1222223221|1252522221|1121113211|1134412111|1222112221|1223442521|1111112221|0000011111
011111111|112222221|123434321|124211521|143163421|144133421|112434321|011222321|001221111|001111000
0000000001111|1111100001421|1222111111221|1222224244221|1222211111311|1421112222321|1121232221621|0123213221221|0111223221111|0001212111000|0001422100000|0001111100000
0011100|0017110|0015411|0014321|0014321|1112321|1432321|1122341|0112221|0012221|0011111
0011111111|0012422361|0012233211|0011123111|1111224221|1421412121|1232242341|1242321111|1122211000|0111110000
000011111|000012221|001112131|011432361|114322131|122422341|125312141|141422111|111111100
0000011111|0000014441|0011112411|1112344521|1632245221|1133313221|1222322211|1222122210|1111111110
11111111|12322441|12323431|16323541|12312421|11212441|01211431|01222221|01111111
111100000|122111110|122322210|122132210|113121110|143222110|141143410|142241111|122223241|112141211|122132361|122221111|122111000|111100000
001111111|111224421|123214121|122324221|111614211|111313321|122222221|122211111|111110000
001111100|111222100|122312110|124445210|111214211|111322321|122322221|122611111|111110000
00111100000|01122100000|11632111110|12332223210|12233221210|11221421211|01124411221|01114442221|01222411211|01211112310|01222222210|01111111110
01111100000|11222111110|12323222210|16323231210|11221221211|01154411221|00143442221|00112411221|00011111111
00000001111|00000111221|00011123321|01112222221|11422233321|12523122111|14444221100|11151111000|00171000000|00111000000
11111000000|12221111100|12222222100|11315454111|12212214441|12223332321|11112612221|00011111111
1111111111|1222262221|1232323321|1211211221|1232445311|1112345210|0011114210|0014454310|0011224210|0001222110|0001111100
00000011111|01111112221|11232363221|12444531321|14541441221|12241322321|11141221221|00111131321|00000122221|00000111111
111111111|122214221|124245321|115144221|012231111|012223221|113324421|123221111|122111000|123100000|116100000|011100000
1111111110|1222124410|1232324211|1222314441|1221225131|1112335221|0162221221|0111111221|0000001111
0111111110|0122342210|1122245411|1233215421|1621324121|1212555221|1232222221|1111111221|0000001111
00001111110000|00001222211111|11111221314221|16322232254421|12233214441221|11112122123211|00012221122110|00011111111100
1111111111110|1222262114211|1233113344441|1122232215121|0122223312241|0111111224221|0000001122211|0000000111110
001111000000|001221011110|111231112211|122242233261|121241212121|124441322321|111122211111|000111110000
00111110000|00122211111|00122323221|01111322141|11222225441|16331324441|12322214111|11111222100|00001111100
0111111110000|1122222411110|1221221532210|1211214441211|1222213222221|1231223212221|1161112211111|0111011110000
111111100|171122110|154122210|145122210|144212311|124333221|113222221|122121321|122122211|122111110|111100000
