Zone 26
Author: Dries de Clercq

01111000|01241111|11422221|14421121|12121121|12322321|11233111|01622100|01111100
01111111|01222221|11421121|12437121|12235121|11123221|00122111|00122100|00111100
01111100|01222100|01312111|01223221|11242441|12311421|16322211|11112210|00011110
000111100|000122100|000124100|111122111|124224421|123133221|116321211|011122210|000111110
01111110|01422210|11211210|12443211|12221321|12432361|11221111|01221000|01111000
01111000|01221111|01322321|01242421|11311421|12241211|12232210|11112610|00011110
01111100|01222100|01213100|01236111|11213221|12242421|12241321|11122411|00111110
01111000|01221111|01322321|01242421|11311421|12614211|12322210|11112210|00011110
00111110|11122210|12331211|12324421|12124421|12133221|14261111|11111000
1111111|1222221|1214121|1232321|1125521|0161421|0123221|0111241|0001111
01111100|11224111|16522321|12134241|12221341|11131221|00122221|00111111
00011111|11112241|16343121|13142241|14222121|12232321|12211111|11110000
11111100|12242111|12123221|12242121|11423341|01312321|01722111|01111100
11111100|12222100|14132100|12142111|14322321|12125561|12222211|11111110
0011110|0112211|0122571|1121231|1232521|1212321|1422421|1112221|0011111
1111111|1222221|1212421|1222321|1121521|0131421|0122351|0111641|0001111
00011110|11112610|12325310|12212211|12235221|12442121|11122241|00111111
001111000|001221000|111221000|122571000|121231110|123452211|112223221|011112421|000011111
11111000|12221111|12322321|11443241|12214321|12225611|11112210|00011110
1111110|1222410|1231211|1163421|1135221|1242421|1232211|1221110|1111000
11111110|17222211|12223321|14132221|14122321|14131111|14221000|11111000
1111000|1221111|1246221|1321321|1232211|1454310|1212210|1224210|1111110
01111111|01222221|11321141|12322141|16332241|11223441|01221111|01111000
01111100|01222100|01233100|01236100|11213111|14422321|12442421|11222111|01111100
11111000|12221110|12152211|12224221|11132521|00163421|00131211|00142210|00111110
0111110|0124210|0134211|0124421|0133221|1161211|1233221|1222421|1111111
01111000|01621110|01332210|01232210|11214111|14224221|12342521|11111221|00001111
11111111|12242561|12253421|11252321|12212111|12222100|12211100|11110000
00111110|00122210|01122311|01224361|11413121|12234541|12222111|11122100|00111100
00111100|00126100|00123111|11152221|12422121|12334421|12431211|11122210|00111110
00111100|01122100|11242111|16343221|12332121|11224241|01213111|01224100|01111100
00111100|00126100|11123111|12234241|12352121|11242121|01243221|01122111|00111100
00011110|00012210|01112211|01632221|11312321|14433121|14222221|14411111|11110000
01111100|01222100|01212111|01423221|01214521|11563211|12252210|12221110|11111000
00111111|11122421|12231221|12252421|11312521|01263221|01111421|00001111
00111110|00122210|00133210|00163210|11131210|12322211|12424421|11124421|00111111
00111100|00122100|11173111|12334221|12222121|11154241|00121321|00122221|00111111
01111100|01422100|11213111|12424321|12242221|12132111|14233100|11162100|00111100
11110000|12210000|17211111|13322221|14453221|14232111|12112100|12222100|11111100
00111100|01124111|01223641|11523421|12421211|12233210|12121110|12221000|11111000
01111111|01243221|11322221|16232111|12142100|14542100|11213100|01222100|01111100
11111000|12221110|12432411|12321321|13422221|12213111|14462100|11111100
00111110|00122210|11143411|14233221|12114221|12225611|11123210|00122110|00111100
00111110|00122210|11152211|12243461|12314221|11225211|01123210|00122110|00111100
11111111|12223241|12424241|12232121|11212321|01313111|01462100|01111100
0011111|0112221|0122221|0152411|0142110|1152100|1632100|1323100|1422100|1222100|1111100
00011110|00112210|11125210|14225211|12125221|12336241|11122211|00122110|00111100
00111110|00122211|00131221|00122221|00124211|11135210|12625310|12442210|11111110
001111000|001221000|001241100|111252111|164332221|123222221|111131411|000122410|000111110
00111100|00122111|00123261|00123441|11123141|14234321|12122211|12221110|11111000
0111100|0126100|0123100|1134100|1232100|1242111|1442321|1222221|1143111|0122100|0111100
00001111|00111261|01142531|11221521|12422221|12232321|11111241|00001221|00001111
01111000|01261000|11331110|12432410|12421211|12532221|11212221|01422111|01111100
00111100|00124111|11124221|12323221|12221411|11123321|00122371|00124111|00111100
001111000|001221000|111241100|122322111|122444221|111232521|001313111|001262100|001111100
00111100|00162100|11153111|12232321|14244221|12122111|14123100|12222100|11111100
011110000|017210000|113211111|124322321|122322221|114211111|015210000|014210000|012210000|011110000
01111000|01221111|11272221|12332221|12431431|11125241|00122111|00122100|00111100
01111100|11242110|12222210|12434511|11213221|01223421|01112311|00012610|00011110
11110000|12211111|12322221|12222221|11131311|00124521|00124561|00124111|00111100
001111000|001221100|001242100|111352111|122252241|126322321|111111241|000001221|000001111
00111100|11122100|12232111|14453261|12224321|12412111|11312100|01222100|01111100
0111100|0122111|0122321|1133641|1221341|1424341|1222311|1124210|0111110
01111100|11222110|12442210|12542311|12412221|11333321|01426111|01111100
00011111|11112221|12222321|12453711|11343321|01422421|01111221|00001111
11111000|12221111|12222521|11453361|11324211|12245210|12221110|11111000
00111100|11122110|12422611|12525321|12534121|12234221|11122111|00111100
11111110|12222210|14443211|12233221|11173121|00152521|00122211|00111110
0111100|0126111|0155421|0123221|1141221|1222321|1443311|1222210|1111110
11110000|12211100|14224111|12313261|12345521|12222321|11242111|01111100
01111000|11621110|12552211|12255421|12523221|11222111|01122100|00122100|00111100
00011110|00112210|00122211|01125521|11244221|12323341|12436111|12211100|11110000
0111100|0162110|0125210|1134210|1224311|1532221|1242521|1222211|1111110
00111110|00122211|11124221|12232141|12365321|11155421|00122221|00111111
11110000|16211100|12324100|12523110|11525210|01245211|01222221|01112221|00011111
11111110|12724211|12225321|11134221|00122521|00131321|00122421|00111111
01111100|11222111|12312221|12453441|12322621|11253111|01242100|01111100
1111000|1221111|1225221|1232241|1125121|0122521|0123431|0112461|0011111
00011110|00012210|11112211|12223421|12255221|12373121|11252421|01111111
0011111|1112221|1454421|1223521|1412221|1222321|1113311|0012610|0011110
11111000|14221110|12132210|12242411|14525321|12232361|11112211|00011110
0111111|0122221|0135341|0122141|1125621|1225421|1232211|1221110|1111000
00111100|11142100|12322100|12232111|14412221|16543321|11252221|01111111
00011111|00016221|11113321|12224321|12431241|11324521|01242211|01111110
11111000|12421111|12222361|11325351|01212521|01242421|01112221|00011111
00111100|00122100|11122111|12253361|12122531|14244341|11222221|01111111
00111100|00122110|11143211|12252321|12325361|12124211|12424210|11111110
11111000|12721100|13232111|12544221|12323221|14312111|12422100|11111100
111100000|122110000|143211111|122442221|112323221|013542111|016522100|011111100
11111110|12223411|14232271|11113431|00012521|00012521|00012221|00012221|00011111
0011110|0012210|1112210|1225210|1424210|1234311|1135321|0122461|0111221|0001111
01111111|01252421|01242221|01243111|11342100|14233100|12236100|12211100|11110000
00111100|11122100|12332110|12522210|12431211|16545221|11222421|01111111
11111100|12522100|12443111|12232221|11443221|12332111|12271100|11111000
00111100|00126100|00133100|00124111|11134421|12323221|12254211|12222410|11111110
00111110|00126410|00124310|00125210|01135211|11223221|12254221|12221111|11111000
00011110|00012210|11113411|12322221|16455421|13322221|14211111|12210000|11110000
00111100|00122100|11123111|12234241|12424221|11135231|00165221|00111221|00001111
00111100|00122111|00124241|11125521|12633421|12322321|11111421|00001221|00001111
00011111|01112221|11222321|12345211|14434210|12224110|11133100|00126100|00111100
0001111|0011221|1112421|1232341|1452221|1222521|1114311|0013210|0016210|0011110
11110000|16211111|14324221|12354521|11232211|01232110|01242100|01221100|01111000
00011111|11114221|12734321|12324411|11133210|00123410|00122210|00122210|00111110
11110000|12211100|12322100|12243111|11343461|01422321|01252111|01242100|01111100
00111100|00126111|00133221|01145221|01252511|11254210|12222210|12221110|11111000
1111000|1221100|1242111|1222321|1143441|0125361|0124321|0123111|0122100|0111100
01111000|01221000|11231111|12422361|12255241|12525221|11122111|00122100|00111100
00111100|00122100|11122111|12342321|12252421|12352111|11243100|01246100|01111100
00111100|11162100|14233100|14252111|11343421|01252221|01222111|01222100|01111100
01111000|01221000|01421000|01321000|11421111|12523621|12535221|12224221|11111111
00111100|00122110|11124210|12352211|14424321|12352361|11122111|00122100|00111100
00011111|01112421|11232221|12422511|12225210|11143210|00135210|00126110|00111100
00111100|00122111|00132221|00124241|11134211|12235210|16524310|11122210|00111110
00111100|00122100|11122111|16322321|14553441|12232221|14211111|12210000|11110000
1111000|1221000|1221110|1232211|1425521|1234561|1122211|0125210|0122110|0111100
001111110|001225210|111452211|122524221|122343221|111231111|001621000|001111000
1111000|1221111|1223221|1434421|1252341|1325321|1224611|1111110